  0.99989014121587394        9.0927252015730972E-002
  0.99901141576499164        9.1072706434905837E-002
  0.99725473710648271        9.1364500527727335E-002
  0.99462164904819428        9.1804415578906381E-002
  0.99111446560583261        9.2395150663226608E-002
  0.98673626896935496        9.3140355811537304E-002
  0.98149090679427353        9.4044677229948997E-002
  0.97538298882025110        9.5113815461383866E-002
  0.96841788281996033        9.6354597644413467E-002
  0.96060170988176707        9.7775065320988119E-002
  0.95194133903038325        9.9384579580341484E-002
  0.94244438119021712       0.10119394571026202     
  0.93211918249672487       0.10321555996959464     
  0.92097481696164407       0.10546358160931418     
  0.90902107849855152       0.10795413386751841     
  0.89626847231575735       0.11070553836170420     
  0.88272820568409682       0.11373858811690805     
  0.86841217808773352       0.11707686541929151     
  0.85333297076663173       0.12074711179074346     
  0.83750383565988573       0.12477965865939941     
  0.82093868375962364       0.12920892876841497     
  0.80365207288572260       0.13407402002745919     
  0.78565919489207536       0.13941938535892631     
  0.76697586231565584       0.14529562408611771     
  0.74761849448011297       0.15176040246753303     
  0.72760410306610890       0.15887952293358862     
  0.70695027716107828       0.16672816313304362     
  0.68567516780155313       0.17539230654145588     
  0.66379747202163131       0.18497038528959245     
  0.64133641642161199       0.19557515168808401     
  0.61831174027123714       0.20733578551177112     
  0.59474367816238571       0.22040022609935098     
  0.57065294222647078       0.23493768651215072     
  0.54606070393216100       0.25114125342581983     
  0.52098857547943023       0.26923038915402453     
  0.49545859080627880       0.28945301366690263     
  0.46949318622482594       0.31208662964206380     
  0.44311518070378414       0.33743762840863634     
  0.41634775581464706       0.36583743618231196     
  0.38921443535921590       0.39763348164283002     
  0.36173906469636397       0.43317205441713624     
  0.33394578978621103       0.47276900074494838     
  0.30585903597012198       0.51666302880596426     
  0.27750348650518070       0.56494562659501435     
  0.24890406087199901       0.61746220845573319     
  0.22008589287493141       0.67368284787698496     
  0.19107430855393229       0.73255033212163245     
  0.16189480392747649       0.79233069814832191     
  0.13257302258609666       0.85051655808488269     
  0.10313473315623350       0.90385860978073118     
   7.3605806654197262E-002  0.94860626939696668     
   4.4012193750152008E-002  0.98099736300133833     
   1.4379901962093929E-002  0.99793645123435648     
  -1.5265027200125989E-002  0.99767520670366971     
  -4.4896541120654387E-002  0.98024128230887042     
  -7.4488598973248263E-002  0.94743128821181877     
 -0.10401519460652353       0.90237102826071947     
 -0.13345037939873569       0.84883155622217976     
 -0.16276828506199781       0.79055436398309231     
 -0.19194314637590160       0.73076887736576612     
 -0.22094932383055832       0.67195899916380186     
 -0.24976132615916666       0.61583665827087952     
 -0.27835383274029729       0.56344105015263235     
 -0.30670171585021083       0.51528876581311911     
 -0.33478006274565697       0.47152531605629128     
 -0.36256419755773850       0.43205353810645253     
 -0.39002970297760992       0.39663153654382644     
 -0.41715244171494370       0.36494198055869603     
 -0.44390857771031350       0.33663819423635549     
 -0.47027459708284647       0.31137302749716350     
 -0.49622732879473935       0.28881570273592022     
 -0.52174396501447651       0.26866065528295457     
 -0.54680208116085294       0.25063126750368442     
 -0.57137965561019177       0.23448049194244616     
 -0.59545508904942879       0.21998968715521963     
 -0.61900722345806536       0.20696651667234245     
 -0.64201536070230225       0.19524244023321982     
 -0.66445928072501470       0.18467011433406555     
 -0.68631925931558302       0.17512088244481647     
 -0.70757608544396433       0.16648244920502289     
 -0.72821107814376584       0.15865678013774639     
 -0.74820610292949108       0.15155823711978125     
 -0.76754358773352382       0.14511194215970163     
 -0.78620653834884746       0.13925235281995174     
 -0.80417855336392918       0.13392202855597532     
 -0.82144383857663950       0.12907056621930801     
 -0.83798722087454558       0.12465368365370987     
 -0.85379416156937571       0.12063243188239048     
 -0.86885076917393933       0.11697251834317415     
 -0.88314381161027034       0.11364372568540888     
 -0.89666072783826833       0.11061941263420955     
 -0.90938963889461799       0.10787608526998423     
 -0.92131935833228296       0.10539302872754183     
 -0.93243940205140063       0.10315199078074649     
 -0.94273999751294113       0.10113691005259501     
 -0.95221209232702853        9.9333682691684147E-002
 -0.96084736220838063        9.7729962302700091E-002
 -0.96863821829187380        9.6314988730016843E-002
 -0.97557781380180508        9.5079441988280042E-002
 -0.98166005006898871        9.4015318229118058E-002
 
 
  0.99989014121587394        9.0927251211127602E-002
  0.99901141576499164        9.1072706411238519E-002
  0.99725473710648271        9.1364501380092833E-002
  0.99462164904819428        9.1804416585445539E-002
  0.99111446560583261        9.2395150952729863E-002
  0.98673626896935496        9.3140355079434578E-002
  0.98149090679427353        9.4044675990777885E-002
  0.97538298882025110        9.5113814615458814E-002
  0.96841788281996033        9.6354597712621809E-002
  0.96060170988176707        9.7775066140405542E-002
  0.95194133903038325        9.9384580494284169E-002
  0.94244438119021712       0.10119394618070963     
  0.93211918249672487       0.10321555995217145     
  0.92097481696164407       0.10546358135781095     
  0.90902107849855152       0.10795413363325149     
  0.89626847231575735       0.11070553808941692     
  0.88272820568409682       0.11373858766055799     
  0.86841217808773352       0.11707686487013376     
  0.85333297076663173       0.12074711149744474     
  0.83750383565988573       0.12477965903413363     
  0.82093868375962364       0.12920892976898335     
  0.80365207288572260       0.13407402112517947     
  0.78565919489207536       0.13941938586976188     
  0.76697586231565584       0.14529562359214926     
  0.74761849448011297       0.15176040171510333     
  0.72760410306610890       0.15887952279504705     
  0.70695027716107828       0.16672816476800426     
  0.68567516780155313       0.17539230879785986     
  0.66379747202163131       0.18497039074589985     
  0.64133641642161199       0.19557515840193046     
  0.61831174027123714       0.20733580560629331     
  0.59474367816238571       0.22040025951162245     
  0.57065294222647078       0.23493779847629059     
  0.54606070393216100       0.25114147092661093     
  0.52098857547943023       0.26923067284478491     
  0.49545859080627880       0.28945347844957409     
  0.46949318622482594       0.31208880329259137     
  0.44311518070378414       0.33743940950735440     
  0.41634775581464706       0.36584437075257492     
  0.38921443535921590       0.39764080338615521     
  0.36173906469636397       0.43318918381384230     
  0.33394578978621103       0.47280142919519519     
  0.30585903597012198       0.51671556376270522     
  0.27750348650518070       0.56505178921256238     
  0.24890406087199901       0.61759269461682686     
  0.22008589287493141       0.67384998743656832     
  0.19107430855393229       0.73280114181821321     
  0.16189480392747649       0.79279574288189913     
  0.13257302258609666       0.85130811655105898     
  0.10313473315623350       0.90491471231726872     
   7.3605806654197262E-002  0.94988700949366922     
   4.4012193750152008E-002  0.98255857615181386     
   1.4379901962093929E-002   1.0000415236843125     
  -1.5265027200125989E-002   1.0005113183617464     
  -4.4896541120654387E-002  0.98385811003651380     
  -7.4488598973248263E-002  0.95198259997662493     
 -0.10401519460652353       0.90832518589038447     
 -0.13345037939873569       0.85698214324157096     
 -0.16276828506199781       0.80132499782688382     
 -0.19194314637590160       0.74376187991363496     
 -0.22094932383055832       0.68623707929362410     
 -0.24976132615916666       0.63093550167309409     
 -0.27835383274029729       0.58011050015881116     
 -0.30670171585021083       0.53484860815603019     
 -0.33478006274565697       0.49422099597456814     
 -0.36256419755773850       0.45589275243181332     
 -0.39002970297760992       0.41808016716572954     
 -0.41715244171494370       0.38140083649233908     
 -0.44390857771031350       0.34851206324858608     
 -0.47027459708284647       0.32173316906320032     
 -0.49622732879473935       0.30084154243811534     
 -0.52174396501447651       0.28294277768005510     
 -0.54680208116085294       0.26487670069024916     
 -0.57137965561019177       0.24568439769109029     
 -0.59545508904942879       0.22709465538141146     
 -0.61900722345806536       0.21175706606023786     
 -0.64201536070230225       0.20075752541059846     
 -0.66445928072501470       0.19278877047299486     
 -0.68631925931558302       0.18548533192476499     
 -0.70757608544396433       0.17738334594132785     
 -0.72821107814376584       0.16889674494006934     
 -0.74820610292949108       0.16140081676416990     
 -0.76754358773352382       0.15571271651423155     
 -0.78620653834884746       0.15126944544197474     
 -0.80417855336392918       0.14671572788221618     
 -0.82144383857663950       0.14144267224870535     
 -0.83798722087454558       0.13617260384133764     
 -0.85379416156937571       0.13240031514024814     
 -0.86885076917393933       0.13097866742123199     
 -0.88314381161027034       0.13130754465868821     
 -0.89666072783826833       0.13173239058186770     
 -0.90938963889461799       0.13064925969321961     
 -0.92131935833228296       0.12751366709508921     
 -0.93243940205140063       0.12291241805257010     
 -0.94273999751294113       0.11809455985823197     
 -0.95221209232702853       0.11445011857570792     
 -0.96084736220838063       0.11295996505867201     
 -0.96863821829187380       0.11357349620950902     
 -0.97557781380180508       0.11449544586837397     
 -0.98166005006898871       0.11208758837810230     
 
 
  0.99989014121587394      -0.16533713745008860     
  0.99901141576499164      -0.16572076609182651     
  0.99725473710648271      -0.16649111903327474     
  0.99462164904819428      -0.16765443410347855     
  0.99111446560583261      -0.16922018537159925     
  0.98673626896935496      -0.17120122688722364     
  0.98149090679427353      -0.17361398933983646     
  0.97538298882025110      -0.17647873411009959     
  0.96841788281996033      -0.17981987053699217     
  0.96060170988176707      -0.18366634374057556     
  0.95194133903038325      -0.18805210206156084     
  0.94244438119021712      -0.19301665515154265     
  0.93211918249672487      -0.19860573602149395     
  0.92097481696164407      -0.20487208298417292     
  0.90902107849855152      -0.21187636046348460     
  0.89626847231575735      -0.21968824114358748     
  0.88272820568409682      -0.22838767593692272     
  0.86841217808773352      -0.23806638278727918     
  0.85333297076663173      -0.24882959037562286     
  0.83750383565988573      -0.26079807827553342     
  0.82093868375962364      -0.27411056080256174     
  0.80365207288572260      -0.28892646730631788     
  0.78565919489207536      -0.30542917622582444     
  0.76697586231565584      -0.32382976260192631     
  0.74761849448011297      -0.34437131681698835     
  0.72760410306610890      -0.36733388270583156     
  0.70695027716107828      -0.39304004040914947     
  0.68567516780155313      -0.42186111482276217     
  0.66379747202163131      -0.45422391078494329     
  0.64133641642161199      -0.49061774039926587     
  0.61831174027123714      -0.53160128412212571     
  0.59474367816238571      -0.57780846688644250     
  0.57065294222647078      -0.62995196087900396     
  0.54606070393216100      -0.68882204084362186     
  0.52098857547943023      -0.75527716333873818     
  0.49545859080627880      -0.83022060919906893     
  0.46949318622482594      -0.91455455175834366     
  0.44311518070378414       -1.0090986952308767     
  0.41634775581464706       -1.1144549393135124     
  0.38921443535921590       -1.2307924586526249     
  0.36173906469636397       -1.3575201002704520     
  0.33394578978621103       -1.4928079964065082     
  0.30585903597012198       -1.6329244135550463     
  0.27750348650518070       -1.7713800189072038     
  0.24890406087199901       -1.8979411485469579     
  0.22008589287493141       -1.9977133970896139     
  0.19107430855393229       -2.0507240822993049     
  0.16189480392747649       -2.0327120936361180     
  0.13257302258609666       -1.9180092605305106     
  0.10313473315623350       -1.6851398291657476     
   7.3605806654197262E-002  -1.3246893763905516     
   4.4012193750152008E-002 -0.84710782159975417     
   1.4379901962093929E-002 -0.28641231874372797     
  -1.5265027200125989E-002  0.30388267273321351     
  -4.4896541120654387E-002  0.86279745757169901     
  -7.4488598973248263E-002   1.3372581311939893     
 -0.10401519460652353        1.6939362744005486     
 -0.13345037939873569        1.9230600311778199     
 -0.16276828506199781        2.0345260934255416     
 -0.19194314637590160        2.0500416811344442     
 -0.22094932383055832        1.9953000876855098     
 -0.24976132615916666        1.8944635844051192     
 -0.27835383274029729        1.7673565385034584     
 -0.30670171585021083        1.6287242016076244     
 -0.33478006274565697        1.4886740287376243     
 -0.36256419755773850        1.3535990589753220     
 -0.39002970297760992        1.2271627465072721     
 -0.41715244171494370        1.1111493459408415     
 -0.44390857771031350        1.0061212223899452     
 -0.47027459708284647       0.91189218628639057     
 -0.49622732879473935       0.82785119105779603     
 -0.52174396501447651       0.75317443328908029     
 -0.54680208116085294       0.68695874329685058     
 -0.57137965561019177       0.62830165224970191     
 -0.59545508904942879       0.57634648811045486     
 -0.61900722345806536       0.53030520946732873     
 -0.64201536070230225       0.48946750929174143     
 -0.66445928072501470       0.45320177646286991     
 -0.68631925931558302       0.42095149455843162     
 -0.70757608544396433       0.39222931969118757     
 -0.72821107814376584       0.36661020481678580     
 -0.74820610292949108       0.34372437588374832     
 -0.76754358773352382       0.32325060982832510     
 -0.78620653834884746       0.30491004388181742     
 -0.80417855336392918       0.28846061198286704     
 -0.82144383857663950       0.27369212568425011     
 -0.83798722087454558       0.26042197324058292     
 -0.85379416156937571       0.24849138828858405     
 -0.86885076917393933       0.23776223020170184     
 -0.88314381161027034       0.22811421644700342     
 -0.89666072783826833       0.21944254973642033     
 -0.90938963889461799       0.21165588737911648     
 -0.92131935833228296       0.20467460576069313     
 -0.93243940205140063       0.19842931857059293     
 -0.94273999751294113       0.19285961286767275     
 -0.95221209232702853       0.18791297211097693     
 -0.96084736220838063       0.18354385980379975     
 -0.96863821829187380       0.17971294138990254     
 -0.97557781380180508       0.17638642552598430     
 -0.98166005006898871       0.17353550887888272     
 
 
  0.99989014121587394      -0.16533199616896782     
  0.99901141576499164      -0.16572358451371072     
  0.99725473710648271      -0.16649013967581353     
  0.99462164904819428      -0.16765524374497476     
  0.99111446560583261      -0.16921919939202207     
  0.98673626896935496      -0.17120165998785478     
  0.98149090679427353      -0.17361343654324488     
  0.97538298882025110      -0.17647934399836895     
  0.96841788281996033      -0.17981953980655263     
  0.96060170988176707      -0.18366683557452901     
  0.95194133903038325      -0.18805165338430069     
  0.94244438119021712      -0.19301701448650249     
  0.93211918249672487      -0.19860528694969426     
  0.92097481696164407      -0.20487249427673251     
  0.90902107849855152      -0.21187593555311063     
  0.89626847231575735      -0.21968867601517483     
  0.88272820568409682      -0.22838719409258243     
  0.86841217808773352      -0.23806688513123730     
  0.85333297076663173      -0.24882908293626591     
  0.83750383565988573      -0.26079871470166371     
  0.82093868375962364      -0.27410993117263166     
  0.80365207288572260      -0.28892718879956214     
  0.78565919489207536      -0.30542828799444227     
  0.76697586231565584      -0.32383068953189925     
  0.74761849448011297      -0.34437018770893091     
  0.72760410306610890      -0.36733530828425015     
  0.70695027716107828      -0.39303844886987849     
  0.68567516780155313      -0.42186323302780482     
  0.66379747202163131      -0.45422143201565540     
  0.64133641642161199      -0.49062132148789139     
  0.61831174027123714      -0.53159745356619825     
  0.59474367816238571      -0.57781583379808521     
  0.57065294222647078      -0.62994798475772429     
  0.54606070393216100      -0.68883879629916078     
  0.52098857547943023      -0.75525682496472712     
  0.49545859080627880      -0.83028526931799307     
  0.46949318622482594      -0.91456002355119159     
  0.44311518070378414       -1.0091678552936720     
  0.41634775581464706       -1.1146391816384906     
  0.38921443535921590       -1.2307767430047714     
  0.36173906469636397       -1.3582221911029617     
  0.33394578978621103       -1.4931120999443250     
  0.30585903597012198       -1.6344368604394639     
  0.27750348650518070       -1.7729832324616248     
  0.24890406087199901       -1.8985065251695501     
  0.22008589287493141       -1.9997469220664350     
  0.19107430855393229       -2.0550547026918076     
  0.16189480392747649       -2.0430825045086736     
  0.13257302258609666       -1.9284925373818580     
  0.10313473315623350       -1.6930671880474919     
   7.3605806654197262E-002  -1.3322561629340353     
   4.4012193750152008E-002 -0.86014545537226228     
   1.4379901962093929E-002 -0.30938176781732624     
  -1.5265027200125989E-002  0.27850387700688123     
  -4.4896541120654387E-002  0.83478888348199731     
  -7.4488598973248263E-002   1.3003772883098754     
 -0.10401519460652353        1.6332246672412989     
 -0.13345037939873569        1.8368846995097174     
 -0.16276828506199781        1.9469926562253232     
 -0.19194314637590160        1.9889330552131390     
 -0.22094932383055832        1.9650296614957223     
 -0.24976132615916666        1.8597508593393495     
 -0.27835383274029729        1.6880136391093861     
 -0.30670171585021083        1.5105654089285341     
 -0.33478006274565697        1.3980924131459915     
 -0.36256419755773850        1.3730396191450891     
 -0.39002970297760992        1.3766484095007225     
 -0.41715244171494370        1.3097595566631215     
 -0.44390857771031350        1.1316053119802374     
 -0.47027459708284647       0.89928593773609611     
 -0.49622732879473935       0.72990612845520153     
 -0.52174396501447651       0.69522997777803142     
 -0.54680208116085294       0.75410496230618052     
 -0.57137965561019177       0.79510666069651637     
 -0.59545508904942879       0.72822708133487868     
 -0.61900722345806536       0.56410991743583005     
 -0.64201536070230225       0.40080894330105626     
 -0.66445928072501470       0.32756560763612141     
 -0.68631925931558302       0.35313168855895494     
 -0.70757608544396433       0.40576346411901693     
 -0.72821107814376584       0.40434847615452146     
 -0.74820610292949108       0.33681262457179806     
 -0.76754358773352382       0.25546329326279543     
 -0.78620653834884746       0.23426253296473898     
 -0.80417855336392918       0.27945770896688377     
 -0.82144383857663950       0.32494405063402693     
 -0.83798722087454558       0.29471245585757927     
 -0.85379416156937571       0.16977965232613060     
 -0.86885076917393933        2.2562100971185366E-002
 -0.88314381161027034       -4.9843817143342711E-002
 -0.89666072783826833        9.9779803515418555E-003
 -0.90938963889461799       0.17233928214143632     
 -0.92131935833228296       0.35042497440920756     
 -0.93243940205140063       0.46179791644268120     
 -0.94273999751294113       0.44984701819242862     
 -0.95221209232702853       0.29461505144062367     
 -0.96084736220838063        3.7370733632993224E-002
 -0.96863821829187380      -0.16815008948062629     
 -0.97557781380180508        3.2834223870398813E-003
 -0.98166005006898871       0.98323199728010069     
 
 
