  0.98903402136263996        9.2748178055223396E-002
  0.90274394975985217       0.10929599143409377     
  0.73769234075672552       0.15523370684534335     
  0.50827942210216270       0.27905836815477342     
  0.23452074103692797       0.64516138199164741     
  -5.9699128520623874E-002  0.96558662827079578     
 -0.34871043905654464       0.45126563477013354     
 -0.60729787325970586       0.21330570854183542     
 -0.81290050023085525       0.13143934092720705     
 -0.94758014492256804       0.10020962540372537     
 
 
  0.98903402136263996        9.2748178055223313E-002
  0.90274394975985217       0.10929599143409399     
  0.73769234075672552       0.15523370684534354     
  0.50827942210216270       0.27905836815477347     
  0.23452074103692797       0.64516138199164841     
  -5.9699128520623874E-002  0.96558662827079655     
 -0.34871043905654464       0.45126563477012877     
 -0.60729787325970586       0.21330570854183653     
 -0.81290050023085525       0.13143934092719489     
 -0.94758014492256804       0.10020962540369796     
 
 
  0.98903402136263996      -0.64374739197256448     
  0.90274394975985217       -4.4974490562602609E-002
  0.73769234075672552      -0.47102583457866942     
  0.50827942210216270      -0.71595366068618971     
  0.23452074103692797       -1.8475062916729654     
  -5.9699128520623874E-002  0.41824278669645454     
 -0.34871043905654464        2.1649665245079390     
 -0.60729787325970586      -0.22156568967373280     
 -0.81290050023085525        1.5177098097528050     
 -0.94758014492256804       -3.9636983056872896     
