  -1.0000000000000000        9.0909090909090912E-002
 -0.97979797979797978        9.4339259416118829E-002
 -0.95959595959595956        9.7960040379406504E-002
 -0.93939393939393945       0.10178521357136180     
 -0.91919191919191923       0.10582976104350456     
 -0.89898989898989901       0.11010998640617453     
 -0.87878787878787878       0.11464364669965262     
 -0.85858585858585856       0.11945009810971226     
 -0.83838383838383834       0.12455045685021161     
 -0.81818181818181812       0.12996777658431793     
 -0.79797979797979801       0.13572724377172452     
 -0.77777777777777779       0.14185639229422067     
 -0.75757575757575757       0.14838533860198938     
 -0.73737373737373735       0.15534703840484379     
 -0.71717171717171713       0.16277756556111012     
 -0.69696969696969702       0.17071641323091391     
 -0.67676767676767668       0.17920681647803116     
 -0.65656565656565657       0.18829609421528884     
 -0.63636363636363635       0.19803600654664485     
 -0.61616161616161613       0.20848312097168750     
 -0.59595959595959602       0.21969917733294478     
 -0.57575757575757569       0.23175143647584598     
 -0.55555555555555558       0.24471299093655594     
 -0.53535353535353536       0.25866300704652817     
 -0.51515151515151514       0.27368685599396836     
 -0.49494949494949492       0.28987607583330871     
 -0.47474747474747470       0.30732808629393876     
 -0.45454545454545459       0.32614555256064687     
 -0.43434343434343436       0.34643526209748682     
 -0.41414141414141414       0.36830633948367214     
 -0.39393939393939392       0.39186757826556312     
 -0.37373737373737370       0.41722361755565968     
 -0.35353535353535348       0.44446963856514460     
 -0.33333333333333337       0.47368421052631565     
 -0.31313131313131315       0.50491989078357635     
 -0.29292929292929293       0.53819120311899404     
 -0.27272727272727271       0.57345971563981046     
 -0.25252525252525249       0.61061616098685445     
 -0.23232323232323238       0.64945994301239152     
 -0.21212121212121215       0.68967701076630783     
 -0.19191919191919193       0.73081798523600017     
 -0.17171717171717171       0.77227956819793553     
 -0.15151515151515149       0.81329350261389100     
 -0.13131313131313127       0.85292837873118099     
 -0.11111111111111116       0.89010989010989006     
  -9.0909090909090939E-002  0.92366412213740445     
  -7.0707070707070718E-002  0.95238557963268877     
  -5.0505050505050497E-002  0.97512685304944791     
  -3.0303030303030276E-002  0.99090081892629667     
  -1.0101010101010055E-002  0.99898073590867387     
   1.0101010101010166E-002  0.99898073590867387     
   3.0303030303030276E-002  0.99090081892629667     
   5.0505050505050608E-002  0.97512685304944768     
   7.0707070707070718E-002  0.95238557963268877     
   9.0909090909090828E-002  0.92366412213740468     
  0.11111111111111116       0.89010989010989006     
  0.13131313131313127       0.85292837873118099     
  0.15151515151515160       0.81329350261389077     
  0.17171717171717171       0.77227956819793553     
  0.19191919191919182       0.73081798523600050     
  0.21212121212121215       0.68967701076630783     
  0.23232323232323226       0.64945994301239163     
  0.25252525252525260       0.61061616098685434     
  0.27272727272727271       0.57345971563981046     
  0.29292929292929304       0.53819120311899382     
  0.31313131313131315       0.50491989078357635     
  0.33333333333333326       0.47368421052631587     
  0.35353535353535359       0.44446963856514438     
  0.37373737373737370       0.41722361755565968     
  0.39393939393939403       0.39186757826556307     
  0.41414141414141414       0.36830633948367214     
  0.43434343434343425       0.34643526209748693     
  0.45454545454545459       0.32614555256064687     
  0.47474747474747470       0.30732808629393876     
  0.49494949494949503       0.28987607583330866     
  0.51515151515151514       0.27368685599396836     
  0.53535353535353525       0.25866300704652828     
  0.55555555555555558       0.24471299093655594     
  0.57575757575757569       0.23175143647584598     
  0.59595959595959602       0.21969917733294478     
  0.61616161616161613       0.20848312097168750     
  0.63636363636363646       0.19803600654664480     
  0.65656565656565657       0.18829609421528884     
  0.67676767676767668       0.17920681647803116     
  0.69696969696969702       0.17071641323091391     
  0.71717171717171713       0.16277756556111012     
  0.73737373737373746       0.15534703840484376     
  0.75757575757575757       0.14838533860198938     
  0.77777777777777768       0.14185639229422070     
  0.79797979797979801       0.13572724377172452     
  0.81818181818181812       0.12996777658431793     
  0.83838383838383845       0.12455045685021159     
  0.85858585858585856       0.11945009810971226     
  0.87878787878787890       0.11464364669965256     
  0.89898989898989901       0.11010998640617453     
  0.91919191919191912       0.10582976104350457     
  0.93939393939393945       0.10178521357136180     
  0.95959595959595956        9.7960040379406504E-002
  0.97979797979797989        9.4339259416118801E-002
   1.0000000000000000        9.0909090909090912E-002
 
 
  -1.0000000000000000        9.0909091494867408E-002
 -0.97979797979797978        9.4339264221633287E-002
 -0.95959595959595956        9.7960036559863864E-002
 -0.93939393939393945       0.10178521504686182     
 -0.91919191919191923       0.10582976024303167     
 -0.89898989898989901       0.11010998768569367     
 -0.87878787878787878       0.11464364769653947     
 -0.85858585858585856       0.11945009575042810     
 -0.83838383838383834       0.12455045466605499     
 -0.81818181818181812       0.12996777725259334     
 -0.79797979797979801       0.13572724659655086     
 -0.77777777777777779       0.14185639525353952     
 -0.75757575757575757       0.14838533904695883     
 -0.73737373737373735       0.15534703493074414     
 -0.71717171717171713       0.16277756044588484     
 -0.69696969696969702       0.17071641098895451     
 -0.67676767676767668       0.17920681949772038     
 -0.65656565656565657       0.18829610046742051     
 -0.63636363636363635       0.19803601141835581     
 -0.61616161616161613       0.20848312096813254     
 -0.59595959595959602       0.21969917245296300     
 -0.57575757575757569       0.23175142995848863     
 -0.55555555555555558       0.24471298701782890     
 -0.53535353535353536       0.25866300819687277     
 -0.51515151515151514       0.27368686157093969     
 -0.49494949494949492       0.28987608310360530     
 -0.47474747474747470       0.30732809200966915     
 -0.45454545454545459       0.32614555635919995     
 -0.43434343434343436       0.34643526545400083     
 -0.41414141414141414       0.36830634338776946     
 -0.39393939393939392       0.39186758937559868     
 -0.37373737373737370       0.41722364583592531     
 -0.35353535353535348       0.44446970248330775     
 -0.33333333333333337       0.47368432731929688     
 -0.31313131313131315       0.50492009346762845     
 -0.29292929292929293       0.53819155015129561     
 -0.27272727272727271       0.57346017587204123     
 -0.25252525252525249       0.61061668999573315     
 -0.23232323232323238       0.64946067626662884     
 -0.21212121212121215       0.68967801504922865     
 -0.19191919191919193       0.73081934242128654     
 -0.17171717171717171       0.77228210750047266     
 -0.15151515151515149       0.81329806865542664     
 -0.13131313131313127       0.85293415408106832     
 -0.11111111111111116       0.89011612838198217     
  -9.0909090909090939E-002  0.92367367127164757     
  -7.0707070707070718E-002  0.95240205691684132     
  -5.0505050505050497E-002  0.97514825224234125     
  -3.0303030303030276E-002  0.99092416525397153     
  -1.0101010101010055E-002  0.99901393141158978     
   1.0101010101010166E-002  0.99903726386902314     
   3.0303030303030276E-002  0.99098155434928559     
   5.0505050505050608E-002  0.97522342058137734     
   7.0707070707070718E-002  0.95250095616642949     
   9.0909090909090828E-002  0.92381150750631458     
  0.11111111111111116       0.89029693432409163     
  0.13131313131313127       0.85316413323097040     
  0.15151515151515160       0.81360752206856746     
  0.17171717171717171       0.77271215158152273     
  0.19191919191919182       0.73137441915883628     
  0.21212121212121215       0.69030776910883485     
  0.23232323232323226       0.65014676744944455     
  0.25252525252525260       0.61146198132383023     
  0.27272727272727271       0.57456747037521805     
  0.29292929292929304       0.53950622821219651     
  0.31313131313131315       0.50641328662385920     
  0.33333333333333326       0.47557092537159912     
  0.35353535353535359       0.44696545782099506     
  0.37373737373737370       0.42031354066403959     
  0.39393939393939403       0.39549922189668002     
  0.41414141414141414       0.37238994232495459     
  0.43434343434343425       0.35068540503323531     
  0.45454545454545459       0.33050376948324278     
  0.47474747474747470       0.31228302982329054     
  0.49494949494949503       0.29597954392764586     
  0.51515151515151514       0.28129536610596229     
  0.53535353535353525       0.26810035579386948     
  0.55555555555555558       0.25593544374871968     
  0.57575757575757569       0.24411862397666323     
  0.59595959595959602       0.23267233300866225     
  0.61616161616161613       0.22229955553572620     
  0.63636363636363646       0.21330765798469387     
  0.65656565656565657       0.20551099903244049     
  0.67676767676767668       0.19881898812780530     
  0.69696969696969702       0.19259083833791876     
  0.71717171717171713       0.18674405144314421     
  0.73737373737373746       0.18203682339983951     
  0.75757575757575757       0.17736413052349159     
  0.77777777777777768       0.17199520785673095     
  0.79797979797979801       0.16567419182947629     
  0.81818181818181812       0.15916010898177893     
  0.83838383838383845       0.15502203487615929     
  0.85858585858585856       0.15297713307480690     
  0.87878787878787890       0.14902182830196728     
  0.89898989898989901       0.14027676910763712     
  0.91919191919191912       0.13360592850270017     
  0.93939393939393945       0.13756230631982358     
  0.95959595959595956       0.13674712243325296     
  0.97979797979797989       0.13106947862945162     
   1.0000000000000000       0.12926238926065703     
 
 
  -1.0000000000000000       0.16528925619834711     
 -0.97979797979797978       0.17440199982154167     
 -0.95959595959595956       0.18416890980966072     
 -0.93939393939393945       0.19464673985139380     
 -0.91919191919191923       0.20589785603026262     
 -0.89898989898989901       0.21799083039732256     
 -0.87878787878787878       0.23100109462378685     
 -0.85858585858585856       0.24501165752842222     
 -0.83838383838383834       0.26011388950151582     
 -0.81818181818181812       0.27640837554989212     
 -0.79797979797979801       0.29400583665609320     
 -0.77777777777777779       0.31302811609582842     
 -0.75757575757575757       0.33360922290950057     
 -0.73737373737373735       0.35589641836452302     
 -0.71717171717171713       0.38005132229295080     
 -0.69696969696969702       0.40625100373808948     
 -0.67676767676767668       0.43468900319934928     
 -0.65656565656565657       0.46557621036113955     
 -0.63636363636363635       0.49914148949563525     
 -0.61616161616161613       0.53563190212844702     
 -0.59595959595959602       0.57531231974254349     
 -0.57575757575757569       0.61846414415984452     
 -0.55555555555555558       0.66538275481238773     
 -0.53535353535353536       0.71637317461831740     
 -0.51515151515151514       0.77174328330040842     
 -0.49494949494949492       0.83179370256270491     
 -0.47474747474747470       0.89680322694534342     
 -0.45454545454545459       0.96700837686445174     
 -0.43434343434343436        1.0425753142335028     
 -0.41414141414141414        1.1235620096683516     
 -0.39393939393939392        1.2098682337238329     
 -0.37373737373737370        1.3011707556991030     
 -0.35353535353535348        1.3968412295390014     
 -0.33333333333333337        1.4958448753462599     
 -0.31313131313131315        1.5966195917931025     
 -0.29292929292929293        1.6969380529950382     
 -0.27272727272727271        1.7937602479728672     
 -0.25252525252525249        1.8830913942339604     
 -0.23232323232323238        1.9598705059163946     
 -0.21212121212121215        2.0179276692465753     
 -0.19191919191919193        2.0500613380492378     
 -0.17171717171717171        2.0482964514650153     
 -0.15151515151515149        2.0043827921029425     
 -0.13131313131313127        1.9105714444818196     
 -0.11111111111111116        1.7606569254920907     
  -9.0909090909090939E-002   1.5511916554979313     
  -7.0707070707070718E-002   1.2826804133426362     
  -5.0505050505050497E-002  0.96047715104860554     
  -3.0303030303030276E-002  0.59508147451442694     
  -1.0101010101010055E-002  0.20160858802356182     
   1.0101010101010166E-002 -0.20160858802356404     
   3.0303030303030276E-002 -0.59508147451442694     
   5.0505050505050608E-002 -0.96047715104860720     
   7.0707070707070718E-002  -1.2826804133426362     
   9.0909090909090828E-002  -1.5511916554979299     
  0.11111111111111116       -1.7606569254920907     
  0.13131313131313127       -1.9105714444818196     
  0.15151515151515160       -2.0043827921029429     
  0.17171717171717171       -2.0482964514650153     
  0.19191919191919182       -2.0500613380492378     
  0.21212121212121215       -2.0179276692465753     
  0.23232323232323226       -1.9598705059163950     
  0.25252525252525260       -1.8830913942339600     
  0.27272727272727271       -1.7937602479728672     
  0.29292929292929304       -1.6969380529950373     
  0.31313131313131315       -1.5966195917931025     
  0.33333333333333326       -1.4958448753462605     
  0.35353535353535359       -1.3968412295390009     
  0.37373737373737370       -1.3011707556991030     
  0.39393939393939403       -1.2098682337238327     
  0.41414141414141414       -1.1235620096683516     
  0.43434343434343425       -1.0425753142335032     
  0.45454545454545459      -0.96700837686445174     
  0.47474747474747470      -0.89680322694534342     
  0.49494949494949503      -0.83179370256270457     
  0.51515151515151514      -0.77174328330040842     
  0.53535353535353525      -0.71637317461831773     
  0.55555555555555558      -0.66538275481238773     
  0.57575757575757569      -0.61846414415984452     
  0.59595959595959602      -0.57531231974254349     
  0.61616161616161613      -0.53563190212844702     
  0.63636363636363646      -0.49914148949563497     
  0.65656565656565657      -0.46557621036113955     
  0.67676767676767668      -0.43468900319934928     
  0.69696969696969702      -0.40625100373808948     
  0.71717171717171713      -0.38005132229295080     
  0.73737373737373746      -0.35589641836452290     
  0.75757575757575757      -0.33360922290950057     
  0.77777777777777768      -0.31302811609582853     
  0.79797979797979801      -0.29400583665609320     
  0.81818181818181812      -0.27640837554989212     
  0.83838383838383845      -0.26011388950151570     
  0.85858585858585856      -0.24501165752842222     
  0.87878787878787890      -0.23100109462378668     
  0.89898989898989901      -0.21799083039732256     
  0.91919191919191912      -0.20589785603026267     
  0.93939393939393945      -0.19464673985139380     
  0.95959595959595956      -0.18416890980966072     
  0.97979797979797989      -0.17440199982154156     
   1.0000000000000000      -0.16528925619834711     
 
 
  -1.0000000000000000                            NaN
 -0.97979797979797978       -1.6240265429854715E-002
 -0.95959595959595956       0.22456666613735815     
 -0.93939393939393945       0.17721190806282719     
 -0.91919191919191923       0.21764919528966359     
 -0.89898989898989901       0.21286993453571368     
 -0.87878787878787878       0.23270558192913024     
 -0.85858585858585856       0.24452661415700941     
 -0.83838383838383834       0.26023622360404741     
 -0.81818181818181812       0.27638232064398893     
 -0.79797979797979801       0.29400942460245205     
 -0.77777777777777779       0.31302886638188315     
 -0.75757575757575757       0.33360793641576808     
 -0.73737373737373735       0.35589700571522276     
 -0.71717171717171713       0.38005090004300113     
 -0.69696969696969702       0.40625149858088833     
 -0.67676767676767668       0.43468909860419958     
 -0.65656565656565657       0.46557635079499449     
 -0.63636363636363635       0.49914125728392716     
 -0.61616161616161613       0.53563166341362056     
 -0.59595959595959602       0.57531211552630934     
 -0.57575757575757569       0.61846418814345494     
 -0.55555555555555558       0.66538295661909574     
 -0.53535353535353536       0.71637344352640264     
 -0.51515151515151514       0.77174343775653198     
 -0.49494949494949492       0.83179370743545678     
 -0.47474747474747470       0.89680309641254818     
 -0.45454545454545459       0.96700833880472625     
 -0.43434343434343436        1.0425752858211677     
 -0.41414141414141414        1.1235621614829225     
 -0.39393939393939392        1.2098687992285797     
 -0.37373737373737370        1.3011719897220657     
 -0.35353535353535348        1.3968434879141500     
 -0.33333333333333337        1.4958479410017445     
 -0.31313131313131315        1.5966254497976156     
 -0.29292929292929293        1.6969455337950499     
 -0.27272727272727271        1.7937636118315170     
 -0.25252525252525249        1.8830969742139125     
 -0.23232323232323238        1.9598842995186396     
 -0.21212121212121215        2.0179397488853770     
 -0.19191919191919193        2.0500919606394024     
 -0.17171717171717171        2.0483846077327059     
 -0.15151515151515149        2.0044778299273247     
 -0.13131313131313127        1.9105938597259746     
 -0.11111111111111116        1.7607168917002016     
  -9.0909090909090939E-002   1.5514712165960167     
  -7.0707070707070718E-002   1.2830283944804926     
  -5.0505050505050497E-002  0.96059831361377990     
  -3.0303030303030276E-002  0.59526157549006253     
  -1.0101010101010055E-002  0.20246632259746208     
   1.0101010101010166E-002 -0.20028499149332593     
   3.0303030303030276E-002 -0.59410591052635875     
   5.0505050505050608E-002 -0.95976505632120790     
   7.0707070707070718E-002  -1.2814283951025729     
   9.0909090909090828E-002  -1.5493484353176199     
  0.11111111111111116       -1.7585766819682249     
  0.13131313131313127       -1.9076313737436534     
  0.15151515151515160       -1.9994476602740985     
  0.17171717171717171       -2.0417959852184091     
  0.19191919191919182       -2.0448662724973756     
  0.21212121212121215       -2.0155407964140442     
  0.23232323232323226       -1.9554692982067610     
  0.25252525252525260       -1.8716680675429627     
  0.27272727272727271       -1.7809568258491366     
  0.29292929292929304       -1.6890918729594873     
  0.31313131313131315       -1.5842244267078542     
  0.33333333333333326       -1.4693037260518858     
  0.35353535353535359       -1.3655603660941618     
  0.37373737373737370       -1.2736533354409787     
  0.39393939393939403       -1.1837559619069089     
  0.41414141414141414       -1.1073247224507479     
  0.43434343434343425       -1.0403944434988890     
  0.45454545454545459      -0.95293577557061393     
  0.47474747474747470      -0.85165407947269023     
  0.49494949494949503      -0.76544294789565082     
  0.51515151515151514      -0.68861493706237442     
  0.53535353535353525      -0.62153548019879323     
  0.55555555555555558      -0.58950336660519254     
  0.57575757575757569      -0.58018246273774909     
  0.59595959595959602      -0.54595658386144241     
  0.61616161616161613      -0.47829942749663867     
  0.63636363636363646      -0.41451347200347938     
  0.65656565656565657      -0.35677310204893731     
  0.67676767676767668      -0.31226802362454403     
  0.69696969696969702      -0.30633971748577266     
  0.71717171717171713      -0.26147903277286572     
  0.73737373737373746      -0.21784359657943483     
  0.75757575757575757      -0.24991202989681074     
  0.77777777777777768      -0.28363054797577153     
  0.79797979797979801      -0.33892011610856371     
  0.81818181818181812      -0.27785123270565276     
  0.83838383838383845      -0.13445088347989878     
  0.85858585858585856      -0.10485711170786606     
  0.87878787878787890      -0.31835473523176488     
  0.89898989898989901      -0.48954853813368632     
  0.91919191919191912       -7.3747845056158126E-002
  0.93939393939393945       0.34602116304132274     
  0.95959595959595956      -0.57547108141174264     
  0.97979797979797989        1.1439572388812718     
   1.0000000000000000                            NaN
