  -1.0000000000000000        9.0909090909090912E-002  -9.0909091494867408E-002
 -0.97979797979797978        9.4339259416118829E-002 -0.10331322691964111     
 -0.95959595959595956        9.7960040379406504E-002 -0.11676212193344948     
 -0.93939393939393945       0.10178521357136180      -0.12995474081219993     
 -0.91919191919191923       0.10582976104350456      -0.14352659761338030     
 -0.89898989898989901       0.11010998640617453      -0.15719427044855835     
 -0.87878787878787878       0.11464364669965262      -0.17114038400637360     
 -0.85858585858585856       0.11945009810971226      -0.18528037893030325     
 -0.83838383838383834       0.12455045685021161      -0.19965483454399535     
 -0.81818181818181812       0.12996777658431793      -0.21425698286941985     
 -0.79797979797979801       0.13572724377172452      -0.22909392487876762     
 -0.77777777777777779       0.14185639229422067      -0.24416789666754179     
 -0.75757575757575757       0.14838533860198938      -0.25948084610421490     
 -0.73737373737373735       0.15534703840484379      -0.27503313926327388     
 -0.71717171717171713       0.16277756556111012      -0.29082325446171220     
 -0.69696969696969702       0.17071641323091391      -0.30684741933418946     
 -0.67676767676767668       0.17920681647803116      -0.32309897768172885     
 -0.65656565656565657       0.18829609421528884      -0.33956778995987713     
 -0.63636363636363635       0.19803600654664485      -0.35623940317867242     
 -0.61616161616161613       0.20848312097168750      -0.37309410866795428     
 -0.59595959595959602       0.21969917733294478      -0.39010576905918098     
 -0.57575757575757569       0.23175143647584598      -0.40724043549608219     
 -0.55555555555555558       0.24471299093655594      -0.42445468038670314     
 -0.53535353535353536       0.25866300704652817      -0.44169361989059669     
 -0.51515151515151514       0.27368685599396836      -0.45888855768555287     
 -0.49494949494949492       0.28987607583330871      -0.47595420206485528     
 -0.47474747474747470       0.30732808629393876      -0.49278539096860230     
 -0.45454545454545459       0.32614555256064687      -0.50925328034811845     
 -0.43434343434343436       0.34643526209748682      -0.52520094505724602     
 -0.41414141414141414       0.36830633948367214      -0.54043839895748946     
 -0.39393939393939392       0.39186757826556312      -0.55473703766415938     
 -0.37373737373737370       0.41722361755565968      -0.56782361179518204     
 -0.35353535353535348       0.44446963856514460      -0.57937394874866588     
 -0.33333333333333337       0.47368421052631565      -0.58900677728693496     
 -0.31313131313131315       0.50491989078357635      -0.59627829454812897     
 -0.29292929292929293       0.53819120311899404      -0.60067823491729699     
 -0.27272727272727271       0.57345971563981046      -0.60162892819644609     
 -0.25252525252525249       0.61061616098685445      -0.59848911067074484     
 -0.23232323232323238       0.64945994301239152      -0.59056397503857627     
 -0.21212121212121215       0.68967701076630783      -0.57712464971456490     
 -0.19191919191919193       0.73081798523600017      -0.55744017636026566     
 -0.17171717171717171       0.77227956819793553      -0.53082205903962820     
 -0.15151515151515149       0.81329350261389100      -0.49668310417402556     
 -0.13131313131313127       0.85292837873118099      -0.45461261930324492     
 -0.11111111111111116       0.89010989010989006      -0.40445910455897616     
  -9.0909090909090939E-002  0.92366412213740445      -0.34640486338385879     
  -7.0707070707070718E-002  0.95238557963268877      -0.28102684864112920     
  -5.0505050505050497E-002  0.97512685304944791      -0.20933848577704275     
  -3.0303030303030276E-002  0.99090081892629667      -0.13278380930640746     
  -1.0101010101010055E-002  0.99898073590867387       -5.3157509993163744E-002
   1.0101010101010166E-002  0.99898073590867387        2.7523040334990430E-002
   3.0303030303030276E-002  0.99090081892629667       0.10715154763263242     
   5.0505050505050608E-002  0.97512685304944768       0.18368463376324434     
   7.0707070707070718E-002  0.95238557963268877       0.25532000765453661     
   9.0909090909090828E-002  0.92366412213740468       0.32063047084291774     
  0.11111111111111116       0.89010989010989006       0.37860610617369145     
  0.13131313131313127       0.85292837873118099       0.42865569429291839     
  0.15151515151515160       0.81329350261389077       0.47060135283791271     
  0.17171717171717171       0.77227956819793553       0.50462982772998333     
  0.19191919191919182       0.73081798523600050       0.53117518416766196     
  0.21212121212121215       0.68967701076630783       0.55077496614524779     
  0.23232323232323226       0.64945994301239163       0.56403504437218022     
  0.25252525252525260       0.61061616098685434       0.57173107542144841     
  0.27272727272727271       0.57345971563981046       0.57473438825755863     
  0.29292929292929304       0.53819120311899382       0.57369275519226770     
  0.31313131313131315       0.50491989078357635       0.56906739871689860     
  0.33333333333333326       0.47368421052631587       0.56154473964906992     
  0.35353535353535359       0.44446963856514438       0.55190293622192121     
  0.37373737373737370       0.41722361755565968       0.54054364088235130     
  0.39393939393939403       0.39186757826556307       0.52771762259358601     
  0.41414141414141414       0.36830633948367214       0.51376036614676113     
  0.43434343434343425       0.34643526209748693       0.49868810221176718     
  0.45454545454545459       0.32614555256064687       0.48245595293338039     
  0.47474747474747470       0.30732808629393876       0.46563344375549254     
  0.49494949494949503       0.28987607583330866       0.44887111499450938     
  0.51515151515151514       0.27368685599396836       0.43236347693993504     
  0.53535353535353525       0.25866300704652828       0.41634538176152075     
  0.55555555555555558       0.24471299093655594       0.40092868457230713     
  0.57575757575757569       0.23175143647584598       0.38553648600462875     
  0.59595959595959602       0.21969917733294478       0.36959401266884395     
  0.61616161616161613       0.20848312097168750       0.35346006529961627     
  0.63636363636363646       0.19803600654664480       0.33786322388007928     
  0.65656565656565657       0.18829609421528884       0.32303009359048651     
  0.67676767676767668       0.17920681647803116       0.30919768710630097     
  0.69696969696969702       0.17071641323091391       0.29611175780137106     
  0.71717171717171713       0.16277756556111012       0.28319666063337445     
  0.73737373737373746       0.15534703840484376       0.27140879258686068     
  0.75757575757575757       0.14838533860198938       0.26046817616022239     
  0.77777777777777768       0.14185639229422070       0.24916412146660760     
  0.79797979797979801       0.13572724377172452       0.23682554140806611     
  0.81818181818181812       0.12996777658431793       0.22308013543255542     
  0.83838383838383845       0.12455045685021159       0.21069212684096292     
  0.85858585858585856       0.11945009810971226       0.20128086533613843     
  0.87878787878787890       0.11464364669965256       0.19172312828340815     
  0.89898989898989901       0.11010998640617453       0.17669009106644823     
  0.91919191919191912       0.10582976104350457       0.16021485602622731     
  0.93939393939393945       0.10178521357136180       0.15484259772053718     
  0.95959595959595956        9.7960040379406504E-002  0.14937160122350895     
  0.97979797979797989        9.4339259416118801E-002  0.13430786064475839     
   1.0000000000000000        9.0909090909090912E-002  0.12926238926065703     
