  -1.0000000000000000        9.0909090909090912E-002
 -0.77777777777777779       0.14185639229422067     
 -0.55555555555555558       0.24471299093655594     
 -0.33333333333333337       0.47368421052631565     
 -0.11111111111111116       0.89010989010989006     
  0.11111111111111116       0.89010989010989006     
  0.33333333333333326       0.47368421052631587     
  0.55555555555555558       0.24471299093655594     
  0.77777777777777768       0.14185639229422070     
   1.0000000000000000        9.0909090909090912E-002
 
 
  -1.0000000000000000        9.0909090909090967E-002
 -0.77777777777777779       0.14185639229422070     
 -0.55555555555555558       0.24471299093655605     
 -0.33333333333333337       0.47368421052631576     
 -0.11111111111111116       0.89010989010988995     
  0.11111111111111116       0.89010989010988972     
  0.33333333333333326       0.47368421052631438     
  0.55555555555555558       0.24471299093655288     
  0.77777777777777768       0.14185639229420738     
   1.0000000000000000        9.0909090909097712E-002
 
 
  -1.0000000000000000                            NaN
 -0.77777777777777779        1.3188071904720231     
 -0.55555555555555558       0.23162153769093050     
 -0.33333333333333337        1.8556818750134332     
 -0.11111111111111116        1.3098721127222257     
  0.11111111111111116       -1.3098721127222281     
  0.33333333333333326       -1.8556818750134412     
  0.55555555555555558      -0.23162153769094521     
  0.77777777777777768       -1.3188071904721019     
   1.0000000000000000                            NaN
